tcost <- structure(.Data = c(16.44, 7.19, 9.92, 4.24, 11.2, 14.25, 13.5, 13.32, 29.11,
        12.68, 7.51, 9.9, 10.25, 11.11, 12.17, 10.24, 10.18, 8.88, 12.34, 8.51,
        26.16, 12.95, 16.93, 14.7, 10.32, 8.98, 9.7, 12.72, 9.49, 8.22, 13.7,
        8.21, 15.86, 9.18, 12.49, 17.32, 12.43, 2.7, 1.35, 5.78, 5.05, 5.78,
        10.98, 14.27, 15.09, 7.61, 5.8, 3.63, 5.07, 6.15, 14.26, 2.59, 6.05,
        2.7, 7.73, 14.02, 17.44, 8.24, 13.37, 10.78, 5.16, 4.49, 11.59, 8.63,
        2.16, 7.59, 11.22, 9.85, 11.42, 9.18, 4.67, 6.86, 11.23, 3.92, 9.75,
        7.78, 10.67, 9.88, 10.6, 9.45, 3.28, 10.23, 8.13, 9.13, 10.17, 7.61,
        14.29, 6.09, 12.14, 12.23, 11.68, 12.01, 16.89, 7.18, 17.59, 14.58, 17,
        4.26, 6.83, 5.59, 6.23, 6.72, 4.91, 8.17, 13.06, 9.49, 11.49, 4.44),
        .Dim = c(36, 3), .Dimnames = list(c("1", "2", "3", "4", "5", "6", "7",
        "8", "9", "10", "11", "12", "13", "14", "15", "16", "17", "18", "19",
        "20", "21", "22", "23", "24", "25", "26", "27", "28", "29", "30", "31",
        "32", "33", "34", "35", "36"), c("fuel", "repair", "capital")))#, class
#         = "matrix")

